Land for sale,Datetime
https://list.am/en/item/17284069,Sep-29-2022_17-46
https://list.am/en/item/17117517,Sep-29-2022_17-46
https://list.am/en/item/7228705,Sep-29-2022_17-46
https://list.am/en/item/17617004,Sep-29-2022_17-46
https://list.am/en/item/18116091,Sep-29-2022_17-46
https://list.am/en/item/14468516 no price,Sep-29-2022_17-46
https://list.am/en/item/13367310,Sep-29-2022_17-46
https://list.am/en/item/13943017,Sep-29-2022_17-46
https://list.am/en/item/17892815,Sep-29-2022_17-46
https://list.am/en/item/15003092,Sep-29-2022_17-46
https://list.am/en/item/16210484,Sep-29-2022_17-46
https://list.am/en/item/17108337,Sep-29-2022_17-46
https://list.am/en/item/18222981,Sep-29-2022_17-46
https://list.am/en/item/18189470,Sep-29-2022_17-46
https://list.am/en/item/15980239,Sep-29-2022_17-46
https://list.am/en/item/18096230 no price,Sep-29-2022_17-46
https://list.am/en/item/18340546,Sep-29-2022_17-46
https://list.am/en/item/17587651,Sep-29-2022_17-46
https://list.am/en/item/15792737,Sep-29-2022_17-46
https://list.am/en/item/17697274 no price,Sep-29-2022_17-46
https://list.am/en/item/18173167,Sep-29-2022_17-46
https://list.am/en/item/17966818 no price,Sep-29-2022_17-46
https://list.am/en/item/17829118 no price,Sep-29-2022_17-46
https://list.am/en/item/17810631,Sep-29-2022_17-46
https://list.am/en/item/16742164 ad removed,Sep-29-2022_17-46
https://list.am/en/item/16410564,Sep-29-2022_17-46
https://list.am/en/item/17627780 ad removed,Sep-29-2022_17-46
https://list.am/en/item/18266047,Sep-29-2022_17-46
https://list.am/en/item/12036675 ad removed,Sep-29-2022_17-46
https://list.am/en/item/16958406,Sep-29-2022_17-46
https://list.am/en/item/17702161,Sep-29-2022_17-46
https://list.am/en/item/15730935,Sep-29-2022_17-46
https://list.am/en/item/18352210,Sep-29-2022_17-46
https://list.am/en/item/17746279,Sep-29-2022_17-46
https://list.am/en/item/15467914 no price,Sep-29-2022_17-46
https://list.am/en/item/17619414 no price,Sep-29-2022_17-46
https://list.am/en/item/14342664 no price,Sep-29-2022_17-46
https://list.am/en/item/18180187,Sep-29-2022_17-46
https://list.am/en/item/17438049,Sep-29-2022_17-46
https://list.am/en/item/17438182 no price,Sep-29-2022_17-46
https://list.am/en/item/17438538,Sep-29-2022_17-46
https://list.am/en/item/16090234 no price,Sep-29-2022_17-46
https://list.am/en/item/18199775 ad removed,Sep-29-2022_17-46
https://list.am/en/item/18142149,Sep-29-2022_17-46
https://list.am/en/item/15710204,Sep-29-2022_17-46
https://list.am/en/item/17291647,Sep-29-2022_17-46
https://list.am/en/item/17789558,Sep-29-2022_17-46
https://list.am/en/item/14377844,Sep-29-2022_17-46
https://list.am/en/item/18221538,Sep-29-2022_17-46
https://list.am/en/item/17650850 no price,Sep-29-2022_17-46
https://list.am/en/item/17406820,Sep-29-2022_17-46
https://list.am/en/item/16042370,Sep-29-2022_17-46
https://list.am/en/item/16741789,Sep-29-2022_17-46
https://list.am/en/item/16741796,Sep-29-2022_17-46
https://list.am/en/item/16301222 no price,Sep-29-2022_17-46
https://list.am/en/item/18356772,Sep-29-2022_17-46
https://list.am/en/item/17576178,Sep-29-2022_17-46
https://list.am/en/item/14164700 no price,Sep-29-2022_17-46
https://list.am/en/item/18337041,Sep-29-2022_17-46
https://list.am/en/item/15260377 no price,Sep-29-2022_17-46
https://list.am/en/item/16413719,Sep-29-2022_17-46
https://list.am/en/item/18053282,Sep-29-2022_17-46
https://list.am/en/item/18217910 no price,Sep-29-2022_17-46
https://list.am/en/item/18215697 no price,Sep-29-2022_17-46
https://list.am/en/item/18041391 no price,Sep-29-2022_17-46
https://list.am/en/item/15812517,Sep-29-2022_17-46
https://list.am/en/item/17855413,Sep-29-2022_17-46
https://list.am/en/item/18215676,Sep-29-2022_17-46
https://list.am/en/item/16082811,Sep-29-2022_17-46
https://list.am/en/item/18015783,Sep-29-2022_17-46
https://list.am/en/item/18038148 no price,Sep-29-2022_17-46
https://list.am/en/item/17485493 ad removed,Sep-29-2022_17-46
https://list.am/en/item/16361718 no price,Sep-29-2022_17-46
https://list.am/en/item/16378209,Sep-29-2022_17-46
https://list.am/en/item/16378194,Sep-29-2022_17-46
https://list.am/en/item/18368904 ad removed,Sep-29-2022_17-46
https://list.am/en/item/17266430,Sep-29-2022_17-46
https://list.am/en/item/18123359,Sep-29-2022_17-46
https://list.am/en/item/17945935,Sep-29-2022_17-46
https://list.am/en/item/16566077 no price,Sep-29-2022_17-46
https://list.am/en/item/17954066,Sep-29-2022_17-46
https://list.am/en/item/16827494,Sep-29-2022_17-46
https://list.am/en/item/16899402,Sep-29-2022_17-46
https://list.am/en/item/18353738 no price,Sep-29-2022_17-46
https://list.am/en/item/17573127,Sep-29-2022_17-46
https://list.am/en/item/17320275 no price,Sep-29-2022_17-46
https://list.am/en/item/17958308,Sep-29-2022_17-46
https://list.am/en/item/17871725,Sep-29-2022_17-46
https://list.am/en/item/13623485,Sep-29-2022_17-46
https://list.am/en/item/13623425,Sep-29-2022_17-46
https://list.am/en/item/17928220,Sep-29-2022_17-46
https://list.am/en/item/7409209,Sep-29-2022_17-46
https://list.am/en/item/17187654,Sep-29-2022_17-46
https://list.am/en/item/14080111,Sep-29-2022_17-46
https://list.am/en/item/15785029,Sep-29-2022_17-46
https://list.am/en/item/11555395,Sep-29-2022_17-46
https://list.am/en/item/18376059,Sep-29-2022_19-49
https://list.am/en/item/17480167,Sep-29-2022_19-49
https://list.am/en/item/16144023,Sep-29-2022_19-49
https://list.am/en/item/17526419,Sep-29-2022_19-49
https://list.am/en/item/17363225,Sep-29-2022_19-49
https://list.am/en/item/17740189 no price,Sep-29-2022_19-49
https://list.am/en/item/17993897 no price,Sep-29-2022_19-49
https://list.am/en/item/12662827,Sep-29-2022_19-49
https://list.am/en/item/17791191,Sep-29-2022_19-49
https://list.am/en/item/17441796,Sep-29-2022_19-49
https://list.am/en/item/16813228,Sep-29-2022_19-49
https://list.am/en/item/18033676 no price,Sep-29-2022_19-49
https://list.am/en/item/16586185,Sep-29-2022_19-49
https://list.am/en/item/17964892 no price,Sep-29-2022_19-49
https://list.am/en/item/18365500 no price,Sep-29-2022_19-49
https://list.am/en/item/16425189 no price,Sep-29-2022_19-49
https://list.am/en/item/17853450,Sep-29-2022_19-49
https://list.am/en/item/17538877,Sep-29-2022_19-49
https://list.am/en/item/15743533 no price,Sep-29-2022_19-49
https://list.am/en/item/18364663,Sep-29-2022_19-49
https://list.am/en/item/18364653 no price,Sep-29-2022_19-49
https://list.am/en/item/17936766,Sep-29-2022_19-49
https://list.am/en/item/17933502,Sep-29-2022_19-49
https://list.am/en/item/17647659,Sep-29-2022_19-49
https://list.am/en/item/17289627,Sep-29-2022_19-49
https://list.am/en/item/17634927,Sep-29-2022_19-49
https://list.am/en/item/18305693,Sep-29-2022_19-49
https://list.am/en/item/18012347,Sep-29-2022_19-49
https://list.am/en/item/15998840 no price,Sep-29-2022_19-49
https://list.am/en/item/15998860 no price,Sep-29-2022_19-49
https://list.am/en/item/17463921,Sep-29-2022_19-49
https://list.am/en/item/17111271,Sep-29-2022_19-49
https://list.am/en/item/12190181,Sep-29-2022_19-49
https://list.am/en/item/18273633,Sep-29-2022_19-49
https://list.am/en/item/16967188,Sep-29-2022_19-49
https://list.am/en/item/10613516,Sep-29-2022_19-49
https://list.am/en/item/13579059,Sep-29-2022_19-49
https://list.am/en/item/16036860,Sep-29-2022_19-49
https://list.am/en/item/17761679 no price,Sep-29-2022_19-49
https://list.am/en/item/17761691 no price,Sep-29-2022_19-49
https://list.am/en/item/14394453,Sep-29-2022_19-49
https://list.am/en/item/17357684,Sep-29-2022_19-49
https://list.am/en/item/17970279 no price,Sep-29-2022_19-49
https://list.am/en/item/10215891,Sep-29-2022_19-49
https://list.am/en/item/15039703 no price,Sep-29-2022_19-49
https://list.am/en/item/17391771 no price,Sep-29-2022_19-49
https://list.am/en/item/18080072 no price,Sep-29-2022_19-49
https://list.am/en/item/18178749,Sep-29-2022_19-49
https://list.am/en/item/17280139,Sep-29-2022_19-49
https://list.am/en/item/14917550 no price,Sep-29-2022_19-49
https://list.am/en/item/16297604,Sep-29-2022_19-49
https://list.am/en/item/16424807,Sep-29-2022_19-49
https://list.am/en/item/16852332,Sep-29-2022_19-49
https://list.am/en/item/16961976,Sep-29-2022_19-49
https://list.am/en/item/18275340 ad removed,Sep-29-2022_19-49
https://list.am/en/item/16218178,Sep-29-2022_19-49
https://list.am/en/item/16646631,Sep-29-2022_19-49
https://list.am/en/item/17889093,Sep-29-2022_19-49
https://list.am/en/item/17413211 no price,Sep-29-2022_19-49
https://list.am/en/item/17286773 no price,Sep-29-2022_19-49
https://list.am/en/item/14679262,Sep-29-2022_19-49
https://list.am/en/item/17576233 no price,Sep-29-2022_19-49
https://list.am/en/item/17410602,Sep-29-2022_19-49
https://list.am/en/item/18280399,Sep-29-2022_19-49
https://list.am/en/item/18163963 ad removed,Sep-29-2022_19-49
https://list.am/en/item/16041562 no price,Sep-29-2022_19-49
https://list.am/en/item/16798513 no price,Sep-29-2022_19-49
https://list.am/en/item/17826945,Sep-29-2022_19-49
https://list.am/en/item/15932237,Sep-29-2022_19-49
https://list.am/en/item/18130997,Sep-29-2022_19-49
https://list.am/en/item/16066914 ad removed,Sep-29-2022_19-49
https://list.am/en/item/16066888 ad removed,Sep-29-2022_19-49
https://list.am/en/item/17337027,Sep-29-2022_19-49
https://list.am/en/item/10763979,Sep-29-2022_19-49
https://list.am/en/item/15965891,Sep-29-2022_19-49
https://list.am/en/item/18338591,Sep-29-2022_19-49
https://list.am/en/item/12815185 no price,Sep-29-2022_19-49
https://list.am/en/item/17731098,Sep-29-2022_19-49
https://list.am/en/item/16261156,Sep-29-2022_19-49
https://list.am/en/item/16006380 no price,Sep-29-2022_19-49
https://list.am/en/item/15708012 no price,Sep-29-2022_19-49
https://list.am/en/item/17731132,Sep-29-2022_19-49
https://list.am/en/item/16444084,Sep-29-2022_19-49
https://list.am/en/item/7276801,Sep-29-2022_19-49
https://list.am/en/item/14926863 no price,Sep-29-2022_19-49
https://list.am/en/item/14179420,Sep-29-2022_19-49
https://list.am/en/item/17966884,Sep-29-2022_19-49
https://list.am/en/item/15533823,Sep-29-2022_19-49
https://list.am/en/item/17443951,Sep-29-2022_19-49
https://list.am/en/item/17195552,Sep-29-2022_19-49
https://list.am/en/item/18050264 no price,Sep-29-2022_19-49
https://list.am/en/item/15805356,Sep-29-2022_19-49
https://list.am/en/item/18202808 ad removed,Sep-29-2022_19-49
https://list.am/en/item/14121228 no price,Sep-29-2022_19-49
https://list.am/en/item/16229157,Sep-29-2022_19-49
https://list.am/en/item/11307536,Sep-29-2022_19-49
https://list.am/en/item/18012899 no price,Sep-29-2022_19-49
https://list.am/en/item/18248209 no price,Sep-29-2022_19-49
https://list.am/en/item/17674363,Sep-29-2022_19-49
https://list.am/en/item/14289611,Sep-29-2022_19-49
https://list.am/en/item/16420389,Sep-29-2022_19-49
https://list.am/en/item/14936927 no price,Sep-29-2022_19-49
https://list.am/en/item/15868072,Sep-29-2022_19-49
https://list.am/en/item/18355039 ad removed,Sep-29-2022_19-49
https://list.am/en/item/17872429,Sep-29-2022_19-49
https://list.am/en/item/17872482,Sep-29-2022_19-49
https://list.am/en/item/15938588 no price,Sep-29-2022_19-49
https://list.am/en/item/17791190 ad removed,Sep-29-2022_19-49
https://list.am/en/item/17791209 ad removed,Sep-29-2022_19-49
https://list.am/en/item/17964264,Sep-29-2022_19-49
https://list.am/en/item/17403128 no price,Sep-29-2022_19-49
https://list.am/en/item/17933573,Sep-29-2022_19-49
https://list.am/en/item/15432390,Sep-29-2022_19-49
https://list.am/en/item/18016808 no price,Sep-29-2022_19-49
https://list.am/en/item/17289108 no price,Sep-29-2022_19-49
https://list.am/en/item/17225615 no price,Sep-29-2022_19-49
https://list.am/en/item/18154609,Sep-29-2022_19-49
https://list.am/en/item/16146158,Sep-29-2022_19-49
https://list.am/en/item/18266204 ad removed,Sep-29-2022_19-49
https://list.am/en/item/18166915,Sep-29-2022_19-49
https://list.am/en/item/18223872 no price,Sep-29-2022_19-49
https://list.am/en/item/15941507,Sep-29-2022_19-49
https://list.am/en/item/14045995,Sep-29-2022_19-49
https://list.am/en/item/18350835,Sep-29-2022_19-49
https://list.am/en/item/18350776,Sep-29-2022_19-49
https://list.am/en/item/17528867,Sep-29-2022_19-49
https://list.am/en/item/16536054 ad removed,Sep-29-2022_19-49
https://list.am/en/item/16536043 ad removed,Sep-29-2022_19-49
https://list.am/en/item/18349027 ad removed,Sep-29-2022_19-49
https://list.am/en/item/18112625,Sep-29-2022_19-49
https://list.am/en/item/16947221 no price,Sep-29-2022_19-49
https://list.am/en/item/14268783 ad removed,Sep-29-2022_19-49
https://list.am/en/item/18190111,Sep-29-2022_19-49
https://list.am/en/item/18056353,Sep-29-2022_19-49
https://list.am/en/item/18067094 no price,Sep-29-2022_19-49
https://list.am/en/item/18259488,Sep-29-2022_19-49
https://list.am/en/item/18011286 no price,Sep-29-2022_19-49
https://list.am/en/item/17240214,Sep-29-2022_19-49
https://list.am/en/item/15565646,Sep-29-2022_19-49
https://list.am/en/item/18193292,Sep-29-2022_19-49
https://list.am/en/item/18219465,Sep-29-2022_19-49
https://list.am/en/item/17240373 no price,Sep-29-2022_19-49
https://list.am/en/item/9905057,Sep-29-2022_19-49
https://list.am/en/item/18137172,Sep-29-2022_19-49
https://list.am/en/item/17952277,Sep-29-2022_19-49
https://list.am/en/item/17557384,Sep-29-2022_19-49
https://list.am/en/item/16794417 ad removed,Sep-29-2022_19-49
https://list.am/en/item/17841054,Sep-29-2022_19-49
https://list.am/en/item/17587945,Sep-29-2022_19-49
https://list.am/en/item/12641281,Sep-29-2022_19-49
https://list.am/en/item/14412391 ad removed,Sep-29-2022_19-49
https://list.am/en/item/17167909,Sep-29-2022_19-49
https://list.am/en/item/15917248,Sep-29-2022_19-49
https://list.am/en/item/16333849,Sep-29-2022_19-49
https://list.am/en/item/17372195,Sep-29-2022_19-49
https://list.am/en/item/17087134,Sep-29-2022_19-49
https://list.am/en/item/18338038,Sep-29-2022_19-49
https://list.am/en/item/17331410,Sep-29-2022_19-49
https://list.am/en/item/18153660 no price,Sep-29-2022_19-49
https://list.am/en/item/17713074,Sep-29-2022_19-49
https://list.am/en/item/14455664,Sep-29-2022_19-49
https://list.am/en/item/17706164,Sep-29-2022_19-49
https://list.am/en/item/10041955,Sep-29-2022_19-49
https://list.am/en/item/18063426 ad removed,Sep-29-2022_19-49
https://list.am/en/item/14466252 ad removed,Sep-29-2022_19-49
https://list.am/en/item/14810422 ad removed,Sep-29-2022_19-49
https://list.am/en/item/17718962 ad removed,Sep-29-2022_19-49
https://list.am/en/item/18195935,Sep-29-2022_19-49
https://list.am/en/item/12022970,Sep-29-2022_19-49
https://list.am/en/item/18255311 no price,Sep-29-2022_19-49
https://list.am/en/item/18202887,Sep-29-2022_19-49
https://list.am/en/item/18270451 ad removed,Sep-29-2022_19-49
https://list.am/en/item/18110213 no price,Sep-29-2022_19-49
https://list.am/en/item/15918968,Sep-29-2022_19-49
https://list.am/en/item/12675492,Sep-29-2022_19-49
https://list.am/en/item/18145889 no price,Sep-29-2022_19-49
https://list.am/en/item/18325830 ad removed,Sep-29-2022_19-49
https://list.am/en/item/10487869 ad removed,Sep-29-2022_19-49
https://list.am/en/item/17827315,Sep-29-2022_19-49
https://list.am/en/item/16242044,Sep-29-2022_19-49
https://list.am/en/item/11969381,Sep-29-2022_19-49
https://list.am/en/item/16481556 no price,Sep-29-2022_19-49
https://list.am/en/item/9318362,Sep-29-2022_19-49
https://list.am/en/item/16912314 no price,Sep-29-2022_19-49
https://list.am/en/item/18019102 no price,Sep-29-2022_19-49
https://list.am/en/item/18139320,Sep-29-2022_19-49
https://list.am/en/item/17650599,Sep-29-2022_19-49
https://list.am/en/item/17623814 no price,Sep-29-2022_19-49
https://list.am/en/item/16436242 no price,Sep-29-2022_19-49
https://list.am/en/item/17503162,Sep-29-2022_19-49
https://list.am/en/item/17004508,Sep-29-2022_19-49
https://list.am/en/item/16940624,Sep-29-2022_19-49
https://list.am/en/item/12604790,Sep-29-2022_19-49
https://list.am/en/item/9922760 no price,Sep-29-2022_19-49
https://list.am/en/item/16214581 no price,Sep-29-2022_19-49
https://list.am/en/item/17828940 no price,Sep-29-2022_19-49
https://list.am/en/item/17931137,Sep-29-2022_19-49
https://list.am/en/item/18243459 no price,Sep-29-2022_19-49
https://list.am/en/item/17341919,Sep-29-2022_19-49
https://list.am/en/item/12112949,Sep-29-2022_19-49
https://list.am/en/item/16358478,Sep-29-2022_19-49
https://list.am/en/item/16838931,Sep-29-2022_19-49
https://list.am/en/item/14455948 ad removed,Sep-29-2022_19-49
https://list.am/en/item/16574318,Sep-29-2022_19-49
https://list.am/en/item/15809799,Sep-29-2022_19-49
https://list.am/en/item/13936573,Sep-29-2022_19-49
https://list.am/en/item/18006519,Sep-29-2022_19-49
https://list.am/en/item/12901823,Sep-29-2022_19-49
https://list.am/en/item/17635244 ad removed,Sep-29-2022_19-49
https://list.am/en/item/18049489,Sep-29-2022_19-49
https://list.am/en/item/11929136 no price,Sep-29-2022_19-49
https://list.am/en/item/17658192,Sep-29-2022_19-49
https://list.am/en/item/18045428 ad removed,Sep-29-2022_19-49
https://list.am/en/item/17433298,Sep-29-2022_19-49
https://list.am/en/item/17772478,Sep-29-2022_19-49
https://list.am/en/item/17875652,Sep-29-2022_19-49
https://list.am/en/item/18137428,Sep-29-2022_19-49
https://list.am/en/item/16385993 no price,Sep-29-2022_19-49
https://list.am/en/item/17011163 no price,Sep-29-2022_19-49
https://list.am/en/item/17573663,Sep-29-2022_19-49
https://list.am/en/item/18224404,Sep-29-2022_19-49
https://list.am/en/item/17021764 no price,Sep-29-2022_19-49
https://list.am/en/item/17273972,Sep-29-2022_19-49
https://list.am/en/item/17173688,Sep-29-2022_19-49
https://list.am/en/item/18151504,Sep-29-2022_19-49
https://list.am/en/item/18002600,Sep-29-2022_19-49
https://list.am/en/item/12576838 ad removed,Sep-29-2022_19-49
https://list.am/en/item/17689945,Sep-29-2022_19-49
https://list.am/en/item/17295746 ad removed,Sep-29-2022_19-49
https://list.am/en/item/16842321,Sep-29-2022_19-49
https://list.am/en/item/12242571 no price,Sep-29-2022_19-49
https://list.am/en/item/18261821 ad removed,Sep-29-2022_19-49
https://list.am/en/item/18258604 ad removed,Sep-29-2022_19-49
https://list.am/en/item/17787951 no price,Sep-29-2022_19-49
https://list.am/en/item/16921821,Sep-29-2022_19-49
https://list.am/en/item/17392308 ad removed,Sep-29-2022_19-49
https://list.am/en/item/18129632,Sep-29-2022_19-49
https://list.am/en/item/17045549 ad removed,Sep-29-2022_19-49
https://list.am/en/item/13989561 ad removed,Sep-29-2022_19-49
https://list.am/en/item/16286255 no price,Sep-29-2022_19-49
https://list.am/en/item/17004575,Sep-29-2022_19-49
https://list.am/en/item/18066560 ad removed,Sep-29-2022_19-49
https://list.am/en/item/18225256 ad removed,Sep-29-2022_19-49
https://list.am/en/item/18184370 ad removed,Sep-29-2022_19-49
https://list.am/en/item/18012394,Sep-29-2022_19-49
https://list.am/en/item/17815188,Sep-29-2022_19-49
https://list.am/en/item/17824207 ad removed,Sep-29-2022_19-49
https://list.am/en/item/17451103 ad removed,Sep-29-2022_19-49
https://list.am/en/item/17909987 ad removed,Sep-29-2022_19-49
https://list.am/en/item/17910096 ad removed,Sep-29-2022_19-49
https://list.am/en/item/12627875 ad removed,Sep-29-2022_19-49
https://list.am/en/item/12872448 no price,Sep-29-2022_19-49
https://list.am/en/item/17143895,Sep-29-2022_19-49
https://list.am/en/item/18207035 ad removed,Sep-29-2022_19-49
https://list.am/en/item/18205824 no price,Sep-29-2022_19-49
https://list.am/en/item/18057863 ad removed,Sep-29-2022_19-49
https://list.am/en/item/16937073 ad removed,Sep-29-2022_19-49
https://list.am/en/item/16613296 no price,Sep-29-2022_19-49
https://list.am/en/item/17262544,Sep-29-2022_19-49
https://list.am/en/item/15109448 no price,Sep-29-2022_19-49
https://list.am/en/item/16503000,Sep-29-2022_19-49
https://list.am/en/item/18186581 ad removed,Sep-29-2022_19-49
https://list.am/en/item/9570783 ad removed,Sep-29-2022_19-49
https://list.am/en/item/17676517 ad removed,Sep-29-2022_19-49
https://list.am/en/item/16796004 no price,Sep-29-2022_19-49
https://list.am/en/item/17722225,Sep-29-2022_19-49
https://list.am/en/item/16139187,Sep-29-2022_19-49
https://list.am/en/item/17632632 ad removed,Sep-29-2022_19-49
https://list.am/en/item/17853637 ad removed,Sep-29-2022_19-49
https://list.am/en/item/10522480,Sep-29-2022_19-49
https://list.am/en/item/17586151,Sep-29-2022_19-49
https://list.am/en/item/18137013 ad removed,Sep-29-2022_19-49
https://list.am/en/item/18134289 ad removed,Sep-29-2022_19-49
https://list.am/en/item/17522311 ad removed,Sep-29-2022_19-49
https://list.am/en/item/16933483 ad removed,Sep-29-2022_19-49
